tstart,alpha,beta,chi,delta,eta,gamma,kappa,lambda,mu,nu,omega,phi,rho,theta
353469989.062,9.7624074737e-11,6.54032381881e-09,0.831048717867,1.70636903202e-10,6.38143346103e-07,2.54403649683e-08,2.37160641492e-11,3.78515873853e-11,4.0702975117e-14,0.00327173697841,0.00441492564527,1.33307412036e-08,8.09167939155e-16,0.161263935725
353470245.062,1.01824895949e-10,8.37056438257e-09,0.765392464383,2.2545631351e-10,6.72152651692e-07,2.28053254664e-08,1.63992483968e-11,3.26974595072e-11,2.15918161883e-14,0.00203069872842,0.00310216993677,1.37842648379e-08,8.6892539048e-16,0.229473949462
353470501.062,5.35153310364e-11,4.66157220094e-09,0.873891242092,9.09719157314e-11,3.58838490169e-07,1.60717230797e-08,5.24377768437e-12,2.05912466982e-11,1.11405602143e-14,0.00148183109646,0.00169087533779,7.8911506885e-09,2.33464139463e-16,0.12293566384
353470757.062,4.07703662303e-11,2.94175827219e-09,0.927914055322,1.01722544082e-10,2.93218155536e-07,1.57013225155e-08,5.80012056637e-12,2.40149184168e-11,1.43145401293e-14,0.00142929571777,0.00346583171787,9.5239197924e-09,1.17786219994e-16,0.0671904956854
353471013.062,4.76540610239e-11,2.97296141148e-09,0.943822831262,4.57335668449e-11,2.50277099327e-07,1.9206083755e-08,5.52685307813e-12,2.04335273421e-11,2.61269841577e-14,0.0023886157848,0.00164468581067,6.55534313255e-09,1.50980623593e-16,0.0521435880119
238071712.063,0.000172492615304,0.966651722765,3.76596364914e-09,2.25536163694e-08,7.50662627428e-06,8.31144458046e-08,5.94816957144e-08,0.000263804827509,1.4848829417e-10,0.00133311469855,7.53677046891e-09,1.88364508417e-10,7.72567221127e-08,0.0315711044208
238071968.063,0.0620617918811,0.737701955271,1.24794637801e-05,1.67518237369e-09,0.000323481775938,2.16360981249e-06,1.12300430939e-11,4.35115392495e-07,2.53858617972e-11,0.00246087845548,6.68426599579e-12,5.26993347781e-09,8.3853599467e-09,0.197436799054
238072224.064,0.650483385168,0.00933982284186,0.126723382703,1.83280843067e-05,0.000872697790373,0.00038048723833,1.32995727895e-08,1.0510517451e-05,2.19906460979e-08,0.103498806746,0.000657850864582,8.93473027977e-05,2.78665376556e-12,0.10792534545
238072480.065,0.235389972861,0.255992834805,0.00236281561043,3.76552131042e-05,0.000482512377041,0.000469756301387,8.20750938206e-08,2.20930443335e-05,4.0956817868e-08,0.0451189775281,1.01509700568e-05,1.72219761833e-05,2.39696952049e-09,0.460095883884
238072736.066,4.6640496345e-06,0.979827120462,3.6941976352e-10,4.76278049745e-13,8.06818664954e-08,2.92553423903e-07,1.45774394048e-09,6.3034430047e-08,2.78702391454e-10,0.0125859117171,8.51320017277e-17,7.60683259067e-14,6.46210106701e-05,0.00751724438403
238072992.067,2.00895152887e-08,0.971172220605,2.16011774033e-09,1.25298981609e-09,3.64614309962e-10,6.28771439795e-06,1.80233650799e-07,1.94759834721e-05,5.49111701081e-08,0.0127712831818,7.25371389797e-12,2.57224315653e-12,4.42108309672e-06,0.0160260524105
238073248.068,1.25388410357e-09,0.908047838585,2.37584717724e-08,4.10839896922e-09,1.13693754495e-11,0.000191513997905,9.20029905999e-07,3.8655195074e-06,6.7183643849e-07,0.0182287843114,5.58366403184e-12,5.53389556894e-12,1.62872849981e-05,0.0735100892918
238073504.069,1.08695501884e-10,0.755714931755,4.152835398e-08,1.62422943649e-11,1.85040643144e-12,0.000457881277617,4.4080300994e-08,5.68948247019e-09,1.62191024204e-07,0.0110055139814,3.1416505378e-16,2.79611611505e-13,0.000851840913434,0.231969578456
238073760.07,5.05567000439e-09,0.625517593984,4.59589418205e-07,1.60925469097e-09,1.04711439303e-10,0.000712774303489,2.53194205982e-07,6.36987797486e-08,1.35013016995e-07,0.0104628263591,3.36562872031e-13,2.55905425705e-11,7.84307509052e-05,0.363227456312
375152128.063,2.92666392722e-17,0.71393942135,8.04724313732e-16,0.103114675377,2.42645615397e-20,0.000760868400882,1.51169458541e-07,0.182161602413,2.32802964029e-05,6.77013062119e-12,4.57122425571e-10,2.25000098483e-10,2.94971866719e-10,9.00603061401e-12
375152384.066,8.33435785364e-17,0.321530363947,2.15870232921e-13,0.00570023507105,9.03796259382e-22,0.257177298334,3.09394493456e-05,0.315856884584,0.0997042157246,1.40352022083e-11,6.08092906495e-08,1.91633654587e-09,1.29760528081e-10,2.00223560188e-11
375152640.07,8.69775936838e-14,0.816071895692,2.91302984921e-13,0.000283403701549,4.48889818561e-18,0.0321426507591,0.000228328399895,0.0638992258085,0.0873743651677,1.01052867221e-09,2.29340310437e-08,2.10097775201e-09,1.03260394622e-07,1.16470475537e-09
375152896.074,2.10225732724e-15,0.183320993996,9.62075593973e-14,6.61520985707e-05,2.27542616228e-20,0.0513853679934,0.000412098338686,0.047956042682,0.716859312244,1.04095655534e-09,1.40560742479e-08,2.20064937572e-10,1.71533384053e-08,1.76207189347e-10
375153152.078,3.21177618344e-16,0.208915495013,2.45711540679e-14,0.000356689544637,1.37475620074e-21,0.0868402446169,0.000451308173579,0.044005951501,0.659430291015,1.1669555295e-10,7.82672948932e-09,1.99039056453e-10,1.19084867626e-08,8.41717136327e-11
375153408.082,7.15606586244e-14,0.878220754016,1.19497580834e-14,9.40231110237e-06,3.93655062821e-18,0.00514283840536,0.000130356079267,0.0485909666434,0.0679053366385,7.0473860974e-10,7.58222180832e-10,1.51145534793e-10,3.4415008392e-07,1.4234495179e-10
375153664.086,6.99420108808e-13,0.840082022977,1.66396597888e-14,9.39479062919e-08,7.79685760826e-17,0.00183343166141,0.000150196217408,0.0141583945209,0.143770699357,2.48903846905e-08,6.28682561293e-11,2.40873526161e-11,5.13599129623e-06,3.4932488398e-10
375153920.09,9.54166581967e-13,0.461480931186,5.49026217355e-14,6.88218380081e-09,2.25083883007e-16,0.00207473336841,0.000284057779735,0.00506152971705,0.53107435417,4.59809952036e-07,3.07018367384e-11,9.55874428414e-12,2.39262441769e-05,8.00565799439e-10
375154176.094,4.3259959814e-12,0.323727223359,1.22334601615e-13,4.35296437141e-10,1.07361667301e-15,0.00156774084298,0.000183921481874,0.000912816522898,0.67349970154,3.14150181412e-06,3.89677405539e-12,3.77504105197e-12,0.000105452189026,2.1150574219e-09
83939728.0625,2.21067544654e-12,7.30191244663e-06,0.0130718933955,1.69540863023e-10,4.36886118373e-13,4.15553878404e-06,3.90983020863e-10,2.25647252516e-08,1.26151962089e-10,0.0107930122198,1.08897718847e-05,2.31090982026e-11,5.08139565867e-15,0.976112723884
83939984.0625,3.3176327357e-12,9.20826905685e-06,0.00346585169531,1.5690664024e-10,2.0435554889e-13,2.79087201442e-06,4.71548188531e-10,1.96569003087e-08,1.47205231061e-10,0.00808390865885,4.08018908971e-06,1.07506780726e-11,8.33246043176e-15,0.988434139869
83940240.0625,2.25266942964e-12,8.56136323025e-06,0.00194402244631,9.33216513681e-11,1.66369567805e-13,1.52018349975e-06,2.17562274494e-10,1.22614731115e-08,6.79159897109e-11,0.00715764664725,1.31364605017e-06,5.09292663563e-12,8.980192909e-15,0.990886923066
83940496.0625,7.79542984884e-13,7.27510775787e-06,0.00090887489423,7.39548612743e-11,5.2481541723e-14,8.61576148925e-07,1.72287704649e-10,1.31659626524e-08,4.55657568751e-11,0.00521425321996,1.08018299114e-06,2.06122132536e-12,5.96836816445e-15,0.993867641558
83940752.0625,5.09513843991e-13,9.04832975977e-06,0.00054920460053,1.09318709919e-10,2.02215723702e-14,1.12896719287e-06,3.66068678155e-10,2.05187313493e-08,9.79202795425e-11,0.00644841437554,1.25227175892e-06,1.52677764733e-12,8.1117200594e-15,0.992990930361
83941008.0625,3.15652254395e-13,1.53871295941e-05,0.00115561051096,1.47752438358e-10,9.68368548498e-15,3.23419046905e-06,4.59559628577e-10,4.49589187392e-08,2.52142941337e-10,0.0094941717043,1.63417418572e-06,1.960852115e-12,6.56410916443e-15,0.98932991647
83941264.0625,2.3431755497e-14,8.38832960144e-06,0.000176029869164,3.30084622802e-11,5.07108292449e-16,9.66214153005e-07,2.19313921784e-10,1.44987858221e-08,7.65506523836e-11,0.00242155446908,2.34585487347e-07,1.66362994484e-13,4.84287767012e-15,0.997392811705
83941520.0625,1.95485423066e-15,3.65029609318e-06,3.55782188534e-08,1.2102920387e-13,4.27896467678e-18,7.40785277019e-09,1.16846396249e-10,1.21782177156e-10,1.57855359078e-12,0.000206051388162,1.25028154454e-11,4.22942120705e-17,1.6860758939e-13,0.999790255077
114241128.07,2.68110924061e-12,0.0324197847115,8.76830676129e-12,1.91101096487e-09,5.91909018499e-15,0.00635999904221,0.000419251651257,0.000176908321554,0.960579029121,1.63215029654e-05,1.82382888969e-10,6.58415635246e-11,2.86993626995e-05,4.11656676449e-09
114241384.07,2.19301443901e-13,0.00997856096049,2.0778014802e-12,5.74510280382e-10,2.83614183819e-16,0.00299845012098,0.000264930868988,0.000127549666884,0.98661766517,7.61083779882e-06,1.00421225239e-10,1.09089071163e-11,5.23084954139e-06,8.36697657896e-10
114241640.069,2.94839431332e-13,0.010267607603,7.45350150079e-12,3.03551208704e-10,4.5950313839e-16,0.00491837249487,0.000186038130369,7.48989596744e-05,0.984529728519,1.77412347902e-05,6.29972198357e-11,1.20932574741e-11,5.61111082086e-06,1.56090484403e-09
114241896.069,2.60131109292e-12,0.0488854356275,1.49164655486e-11,1.70990479742e-09,5.46841993698e-15,0.00917015206232,0.000421952529026,0.000177426558343,0.941286639852,2.35959237075e-05,1.33427865124e-10,6.16905390355e-11,3.47882825712e-05,7.24247813066e-09
114242152.068,1.52648720517e-12,0.0771295427877,7.6385207587e-12,1.31752176188e-09,1.41091443867e-15,0.0111747151749,0.000313883661054,0.000102976493006,0.911190740894,1.54691325277e-05,2.25335784566e-11,2.54163727496e-11,7.26583671225e-05,1.21151752479e-08
242331616.063,0.00364407770195,5.90255701085e-06,0.752079094819,5.66078888403e-11,3.51953264989e-08,0.000153341768671,6.12245688201e-12,4.77649108616e-09,2.74212659958e-08,0.243923449604,1.25327821407e-07,5.08622618151e-08,5.92194437343e-17,0.000193889903135
242331872.063,0.00391342558383,5.74769048406e-06,0.726171137922,6.28360737623e-11,4.22288346432e-08,0.000149867913241,7.92983629702e-12,4.97901570969e-09,3.23254845436e-08,0.269552085453,1.63482717385e-07,5.69786346739e-08,7.54973504761e-17,0.000207435371836
242332128.064,0.0033183360321,4.88807819187e-06,0.707613617752,5.0196940463e-11,3.48124654011e-08,0.000138913153737,7.41282134442e-12,4.98601196966e-09,3.4871495054e-08,0.288748032969,1.68905826842e-07,4.85386619933e-08,5.97039826709e-17,0.000175919842942
274297703.062,1.10399472094e-06,3.52612684892e-07,0.992505027641,2.30945141325e-08,4.7915606346e-09,0.000156625271192,2.07763935017e-11,2.45341040837e-08,4.04026486404e-09,0.00708195416947,0.000246914604314,1.20940200933e-06,1.38481108472e-18,6.75582371128e-06
274297959.062,2.3953138888e-06,8.39199455607e-07,0.988033007731,4.31724568966e-08,8.86250862675e-09,0.000215139585293,4.99331409324e-11,3.49616095941e-08,5.93888210016e-09,0.0114561229408,0.000268827535517,1.55332204121e-06,6.16012533951e-18,2.20213866789e-05
274298215.062,1.67007539822e-06,5.15749118228e-07,0.991683133374,2.52813027832e-08,4.78659745917e-09,0.000176644906265,2.27979241317e-11,2.74163622869e-08,4.14718031278e-09,0.00793418237019,0.000192197025929,1.11956032114e-06,1.78685559592e-18,1.04752840584e-05
274298471.062,5.24951321744e-06,1.62555224342e-06,0.98651594608,5.04051508864e-08,9.84101379496e-09,0.000266899298405,5.54559274252e-11,4.30058108599e-08,6.18214994421e-09,0.0129947685748,0.00017194548011,1.47209466149e-06,9.41279641611e-18,4.19839172257e-05
315239456.062,5.08858770527e-06,1.57108395721e-06,0.999113129417,4.59687628931e-09,4.90062023323e-10,0.000868627721142,7.9495311463e-16,1.30014373186e-09,1.48839079432e-10,9.4730152233e-06,4.91322320232e-09,2.05035607728e-06,1.58144140897e-20,4.83702145693e-08
315239712.062,2.54338879343e-06,1.01224779565e-06,0.99931716816,4.38413348931e-09,2.89122737691e-10,0.000670278950415,6.01298323036e-16,1.47725285525e-09,1.15397030034e-10,7.17156893277e-06,8.50164694599e-09,1.77780691149e-06,6.01447708304e-21,3.31093041718e-08
315239968.062,3.00039005456e-06,1.37663364035e-06,0.999325255494,6.56894359165e-09,2.94446746177e-10,0.000662348191961,6.2462768285e-16,1.78394322375e-09,8.79207006572e-11,6.02307564944e-06,9.86388424893e-09,1.92378303558e-06,6.39934966482e-21,5.38324084865e-08
315240224.062,2.59476403569e-06,1.26110995413e-06,0.999233786601,4.05293852219e-09,2.16713173822e-10,0.000753784193666,5.55561345189e-16,1.82671648882e-09,1.34335598134e-10,6.95035336687e-06,7.51286573418e-09,1.57300078333e-06,5.5346288168e-21,3.62339309512e-08
315240480.062,3.38639713272e-06,1.54401172152e-06,0.999115245157,4.89275174277e-09,2.83667971747e-10,0.000869580872883,7.56876432876e-16,2.07976317478e-09,1.7799488599e-10,8.30761079425e-06,8.23859794466e-09,1.87753961404e-06,8.86575337149e-21,4.27378252156e-08
315240736.062,2.74997773016e-06,1.30706450986e-06,0.999233589125,2.76702951651e-09,2.25411660551e-10,0.000753224921144,4.4743005572e-16,1.58379223639e-09,1.38808825387e-10,7.76306352919e-06,4.70657384624e-09,1.3222483845e-06,6.25629981615e-21,3.41781612898e-08
315240992.062,6.53603878668e-07,4.17548379972e-07,0.999667855007,9.0188165879e-10,8.70130944833e-11,0.000327036879674,8.08759589633e-17,7.29960009943e-10,3.30084380069e-11,3.43040235672e-06,2.71859929162e-09,5.89866968387e-07,7.4448074441e-22,1.22215813593e-08
529513600.062,3.26321070662e-06,7.46651832667e-06,0.985377754547,9.15148277955e-07,2.59969535061e-08,0.000449472928262,7.5954213391e-10,1.19658889171e-07,5.39057285928e-09,0.011971982944,0.0014333049039,4.63346612918e-06,2.2242698196e-16,0.000751054527739
529513856.062,1.61130008006e-06,5.0421815991e-06,0.990201566459,6.72658938405e-07,1.66567058909e-08,0.000353030751756,3.79302873959e-10,9.5718120864e-08,3.22600936034e-09,0.00776260854521,0.00120546231849,3.71219150172e-06,9.71508295377e-17,0.000466177613316
529514112.062,9.32735792294e-07,4.53837048489e-06,0.99348720688,4.46128523905e-07,1.09924388825e-08,0.000297690843216,1.75880669738e-10,6.67180961804e-08,1.79789480731e-09,0.00514599581432,0.000620113704885,2.6121426458e-06,6.60600146566e-17,0.000440383695331
529514368.062,6.52288268616e-07,3.72008104494e-06,0.993569709573,4.37233637867e-07,8.83713325308e-09,0.000300859669076,1.6334424212e-10,6.93705842312e-08,2.01103422653e-09,0.00509695175461,0.000712347649924,2.60503181529e-06,5.02783114558e-17,0.000312636336495
282142048.062,1.22610166334e-06,7.02320322121e-09,0.0642967411434,0.00150169564645,0.000117680398657,0.000915306462364,1.26949834338e-11,7.06292478379e-11,8.07646602155e-10,9.98832261646e-08,0.000639309870157,0.932527932545,3.15516644637e-16,3.45501477353e-11
177422512.062,2.12664069339e-09,3.55523004604e-05,7.14668536562e-17,2.40973296746e-10,2.98645223e-11,3.05706416899e-07,0.365505718158,0.000524608126776,0.63390808859,7.58077941851e-07,5.57674511528e-07,5.53654952848e-11,2.44089126246e-05,1.71011557255e-13
177422768.062,5.15106676832e-09,5.81418479707e-05,5.25724000257e-17,4.10581678187e-10,5.04824840093e-11,3.26581261841e-07,0.424178808503,0.000555304452103,0.575161636813,5.05602979282e-07,4.3075111388e-07,8.09590253055e-11,4.48397549599e-05,2.14187053202e-13
177423024.062,8.49526375555e-09,0.000167486967056,5.59471705104e-17,2.79054266348e-09,8.42924058618e-11,4.16018718901e-07,0.673482031268,0.00088983768967,0.325329318844,4.17599492394e-07,6.98081582574e-07,1.5972390524e-10,0.000129782000579,1.11648178529e-12
177423280.062,2.76451189672e-09,5.00295866667e-05,5.94306260777e-17,6.23308485291e-10,2.63454090965e-11,3.13799086949e-07,0.584162397591,0.000396673385587,0.415339777505,3.64408695904e-07,7.04952836899e-07,7.24769525054e-11,4.97352844474e-05,5.75454776736e-13
177423536.062,3.66188204533e-09,8.30071445478e-05,3.87471044297e-17,7.17292509301e-10,7.33093694356e-11,2.29945208518e-07,0.745801950118,0.000436866777851,0.253516951973,3.28513676154e-07,5.29705517081e-07,7.93085643749e-11,0.000160131289024,8.08038855852e-13
177423792.062,4.67697720539e-09,0.000138096383224,3.1800105833e-17,1.51802572109e-09,8.23789670487e-11,1.86098201508e-07,0.882731940554,0.000405417487561,0.11642982323,2.12273005441e-07,5.43009262127e-07,8.14280984955e-11,0.000293774603272,2.83295473465e-12
114062520.07,5.9021596358e-20,1.37503446974e-06,1.41934725032e-10,0.00543566216352,2.58766822752e-23,0.90248526067,0.000171613495044,0.000272359226511,0.091383766659,4.93555340894e-11,0.000249927646698,3.49132602676e-08,1.15757980027e-15,8.8769492469e-15
114062776.07,2.7613699412e-20,2.63945423801e-06,4.67342086238e-10,6.58356919666e-05,3.74699523745e-23,0.676261539923,0.000614442393492,4.93904396407e-05,0.322976254831,2.71585251379e-09,2.98922004134e-05,1.88195203659e-09,1.50019791847e-13,1.10611239854e-12
114063032.069,1.28683496525e-19,0.000161293143353,7.4879701703e-11,2.17546181922e-06,5.75374373944e-22,0.116987742045,0.00106121751944,0.000129949801942,0.881656871154,2.05746849062e-07,5.43008696115e-07,4.89854450076e-11,1.09292439042e-09,9.02227679146e-10
215337456.062,3.40573713671e-08,0.960151739069,7.99170737311e-10,1.68235394488e-09,3.49206939263e-08,1.50873123569e-05,4.90854455812e-08,2.79632513228e-08,2.30285529008e-08,0.00097772418535,6.08974238197e-15,3.5323810628e-11,0.028130650804,0.0107246270571
215337712.062,5.09451155521e-08,0.945322165269,1.11745242587e-09,2.31665612258e-09,2.8206277475e-08,2.05851161231e-05,4.63727450309e-07,9.97969645349e-08,1.2166131266e-07,0.000801316628152,1.60946225586e-13,6.90125842795e-11,0.0299786691717,0.0238764959748
215337968.061,1.50059507184e-07,0.928693614065,2.539327426e-09,8.47283203411e-10,1.47169258833e-08,7.61590341989e-05,6.56148077689e-06,2.34032971644e-07,2.79130710948e-06,0.000766403655054,1.72561670937e-12,1.28723905776e-10,0.0405468279156,0.0299072402159
215338224.06,1.03037475836e-07,0.945831386088,1.02499818424e-09,1.21132748617e-09,1.35080753461e-08,3.57126911751e-05,2.40839989136e-06,1.85338495513e-07,7.63188397628e-07,0.000421148228524,6.5597169202e-13,8.42150287658e-11,0.0316410814995,0.0220671956989
215338480.059,6.62355955132e-08,0.971016655797,3.97222319634e-10,4.85727506252e-09,1.05492094146e-08,2.24340289757e-05,1.44440790475e-06,3.25470906149e-07,4.6137092484e-07,0.000298364190085,7.75962928401e-13,9.71178870912e-11,0.0183799298399,0.0102803027575
215338736.058,9.80201143372e-08,0.972331658997,2.66662368749e-10,4.66718999084e-09,1.23152185629e-08,2.34494397905e-05,1.34873208095e-06,3.09045353472e-07,6.43618690582e-07,0.000239185432888,5.12997730093e-13,1.12581121195e-10,0.022070738561,0.00533255079089
215338992.057,9.01816247277e-08,0.974927156707,2.56083418869e-10,1.44672246069e-08,1.81840199829e-08,1.7632586371e-05,1.15006005151e-06,3.78379859579e-07,3.38320400215e-07,0.000233653192357,9.65339105138e-13,1.70097281473e-10,0.0181521552732,0.00666741222084
215339248.056,3.65390368813e-08,0.97150666357,1.17019037777e-10,1.7434216443e-08,1.65361474509e-08,7.46466971267e-06,4.10836708854e-07,2.36740515136e-07,7.2666673515e-08,0.00018964523341,2.94426014236e-13,8.29379570933e-11,0.0206934053819,0.00760203019114
215339504.055,5.50765491972e-08,0.968805164801,2.10728962921e-10,5.08857459307e-09,1.96372224402e-08,1.0675762526e-05,2.84272175887e-07,1.2438857314e-07,8.10841877897e-08,0.00024331049501,9.46516643473e-14,6.42373188453e-11,0.0234258260544,0.00751445306506
293091392.062,1.68821678486e-10,7.01539845349e-09,0.966009089268,4.43347700594e-10,7.7388247779e-07,9.85202379088e-08,6.09575477366e-11,1.25596130243e-10,2.85119916195e-13,0.0017078332854,0.0153820477909,6.88408920618e-08,5.11281262609e-16,0.0169000805976
293091648.062,2.47907139812e-10,9.21764783919e-09,0.96701865432,3.69160328068e-10,1.01699568255e-06,1.35896461094e-07,9.90902903887e-11,1.38636272505e-10,5.91445926161e-13,0.00304877497393,0.0117966652924,6.97439666302e-08,1.16431486181e-15,0.0181346727049
293091904.062,7.1147969313e-10,2.38371603614e-08,0.940591739935,8.55206615289e-10,3.04809439831e-06,2.16893463309e-07,1.95541887312e-10,1.26910116107e-10,6.60858482897e-13,0.00337167065434,0.00703372309229,1.29783954128e-07,8.04966476016e-15,0.04899944582
293092160.062,4.08601913931e-10,1.33739071208e-08,0.957809385968,7.03967863473e-10,1.90813118455e-06,1.73523600594e-07,1.61289646941e-10,1.38900818459e-10,6.6115999815e-13,0.00305512252976,0.0125253090172,1.14962148744e-07,2.9313125272e-15,0.0266079710809
206060406.062,0.00241762240693,3.55704154144e-06,0.608360071922,1.22788488774e-12,7.85468767243e-09,5.18863980419e-05,1.02676176078e-12,1.53622465522e-09,1.008825197e-08,0.388916635854,7.98319304539e-09,2.91186843141e-09,1.61549394262e-17,0.000250196001025
206060662.062,0.00266495000863,3.63048400067e-06,0.611295311787,1.69445703326e-12,8.68193332251e-09,5.87206521815e-05,1.30826148664e-12,1.79503954854e-09,1.27119087177e-08,0.38574955571,1.11292121885e-08,3.80923954397e-09,1.74456216053e-17,0.000227793228227
406737130.07,0.0212088826194,5.42125241307e-07,0.639972112682,3.29288155906e-12,1.55126894272e-07,2.59708395054e-05,3.26727256388e-12,3.20497122048e-10,1.21696772945e-08,0.33870550702,6.34085247958e-08,2.46642300213e-08,2.60614085996e-17,8.67290166875e-05
406737386.068,0.0302270087882,7.26885358556e-07,0.587935175064,5.02056618473e-12,2.15437399346e-07,2.52480854822e-05,5.48616080631e-12,3.38137970074e-10,1.20176436368e-08,0.381631217937,8.19272359085e-08,2.79337781845e-08,5.32642851168e-17,0.000180285575315
406737642.066,0.0187001619032,4.3662170988e-07,0.563159777774,4.4206743688e-12,1.51773030272e-07,2.41567622737e-05,6.31025526346e-12,3.97920679928e-10,1.80906946305e-08,0.4180279971,1.48573008158e-07,2.77953719992e-08,2.90856635477e-17,8.71231988571e-05
406737898.064,0.00706094986717,1.66608598712e-07,0.711442226582,1.52544408789e-12,5.54465216895e-08,1.78868154623e-05,1.54146682927e-12,2.97772770449e-10,1.17120437558e-08,0.28145736882,1.09041278353e-07,1.65519146012e-08,3.18810473547e-18,2.1208253908e-05
260255456.063,4.20276544177e-07,1.04987181162e-07,0.999088124181,4.00843250249e-07,9.89092899937e-11,0.000850450188816,7.94561059366e-17,1.32342319344e-09,1.03362271054e-11,3.98957028876e-08,1.60783007728e-07,6.02971681119e-05,1.76927731481e-23,2.43616626443e-10
260255712.063,4.68362457045e-07,1.10864767715e-07,0.999217925295,3.60250260394e-07,1.01945263778e-10,0.000728787515938,7.47843621876e-17,1.2557075552e-09,8.00334615191e-12,3.85726460848e-08,1.54463812954e-07,5.2152975397e-05,1.74417048319e-23,3.34527199833e-10
239777328.063,0.00344276348568,3.95619645902e-07,0.592276994543,1.32929819778e-12,7.21692363366e-08,5.22024283905e-06,2.95915379976e-12,3.02119751568e-10,1.98697562482e-09,0.403342570889,1.77204157688e-07,4.61903478203e-09,1.95519097297e-17,0.000931798934489
239777584.063,0.00375288933677,3.32439802217e-07,0.534739271089,1.01590851486e-12,6.438970252e-08,6.11959601268e-06,3.09687215594e-12,2.78961766072e-10,3.3488500489e-09,0.460982859061,1.40148808408e-07,4.60312634353e-09,1.91399194202e-17,0.000518315704101
239777840.064,0.00489879302177,3.50677233486e-07,0.625742963893,1.46161184194e-12,6.87428723511e-08,6.67500113338e-06,2.59261213963e-12,3.02657539557e-10,2.87887861529e-09,0.368846362053,1.66965520133e-07,6.17758358271e-09,1.33143301637e-17,0.000504610282647
239778096.065,0.00568674097924,3.21661107685e-07,0.468185025777,1.25283935422e-12,6.12166526424e-08,8.568118253e-06,4.57689868621e-12,3.6386370794e-10,7.52858178004e-09,0.525850966446,1.70700209163e-07,6.21588802175e-09,1.81173830193e-17,0.000268130987494
239778352.066,0.00400494856659,1.94875132717e-07,0.467137702959,4.7779516895e-13,3.74462670035e-08,7.70254056536e-06,2.47057794964e-12,2.5955512597e-10,7.75624782566e-09,0.528734482048,9.17210361955e-08,3.88002547362e-09,8.10199261769e-18,0.000114827944271
239778608.067,0.00544878235951,2.61231174123e-07,0.345701405462,2.65649981337e-13,4.86547695583e-08,6.82250564836e-06,2.55072518781e-12,1.549265062e-10,6.04729352563e-09,0.64865858794,2.77079903125e-08,2.33520533471e-09,2.19950680415e-17,0.000184055598065
415697380.07,0.0692836356863,3.60628223528e-06,0.917647814561,2.48047270015e-08,9.69699488905e-06,0.000253012216841,2.07651908753e-11,1.95174566463e-09,8.2218545913e-09,0.0127349699993,3.18506942473e-06,2.20195212318e-05,3.76236969235e-16,4.2024669985e-05
415697636.068,0.642359901604,0.00329537071213,0.305606231723,2.0185136111e-06,0.000294087161112,0.0015017966472,6.02427371656e-10,5.92496492129e-07,4.34665528969e-08,0.0414329096451,7.01326729232e-06,0.00010482281434,8.88999769318e-13,0.00539521134559
415697892.066,0.00210859041558,0.585124371331,3.15379866008e-08,5.61706053169e-16,1.93281879104e-05,9.8843405544e-07,3.99417793443e-11,1.32300146466e-10,3.96486848785e-11,0.398495562578,1.42293400375e-20,4.19890963966e-14,0.000268375981702,0.0139827513212
415698148.064,2.02309285622e-06,0.820369591117,6.73600721676e-10,3.40745607029e-10,4.99454214243e-08,2.48841473209e-07,1.15405937179e-07,3.63444511795e-06,2.49976473436e-09,0.013549182192,4.07044953783e-12,1.88066689249e-12,2.90158521162e-05,0.166046135588
415698404.062,1.69936305692e-07,0.731748632005,9.32537056311e-09,4.5130016864e-09,2.12978094001e-09,1.00295274463e-05,6.66991865416e-07,2.97539846861e-06,5.23555025358e-08,0.00893872769897,2.87283148102e-11,1.61729830209e-11,2.76000383482e-05,0.259271130035
336779744.062,0.000118160993047,0.0366807704998,4.07931790553e-12,2.73185729431e-14,4.34668414746e-07,2.52779208987e-05,0.000487054313983,1.6253802036e-07,0.0328659626803,0.00121384132877,6.43208358539e-14,2.48855956762e-11,0.92860812584,2.0918807839e-07
336780000.062,9.00076043999e-05,0.0280928852208,5.83080399238e-12,1.52261313979e-14,4.8372924138e-07,1.70875525505e-05,0.000502481303883,1.09179160577e-07,0.0196193866304,0.00201701589601,7.38813716693e-14,1.52914449991e-11,0.949660062073,4.8078920924e-07
336780256.062,0.000153891645238,0.0343492143795,3.79649118103e-12,3.19949542001e-14,5.93264885478e-07,2.42606439485e-05,0.000542243422365,1.74673663051e-07,0.0354402668339,0.00114427780573,8.14855999438e-14,3.16811564619e-11,0.928344911623,1.6567194297e-07
336780512.062,0.000180920878059,0.0941564510173,6.14874024827e-12,7.70149709735e-13,1.43746316135e-06,2.73325873166e-05,0.000396743517566,6.67799209415e-07,0.0155287186802,0.00212971048907,3.4216557981e-13,1.08115770249e-10,0.887577463806,5.53647160783e-07
336780768.062,0.000227859315099,0.0886671689564,1.06083002117e-11,5.46695149468e-13,2.06716102233e-06,2.65883705571e-05,0.000267369024059,3.7667753696e-07,0.00905750733718,0.00251343118487,2.25708459394e-13,1.03839536491e-10,0.899236668229,9.63629249524e-07
336781024.062,0.000379662213552,0.0449220850774,4.08758030431e-11,8.55197157304e-14,1.74311979179e-06,4.75879454689e-05,0.00127246018655,2.70659036255e-07,0.0484748471163,0.00479254357534,1.02492883982e-12,1.00940508213e-10,0.900106797354,2.00261013137e-06
336781280.062,0.0003767802156,0.0438708451311,2.83546582067e-11,1.22585179911e-13,2.03500056771e-06,5.11089270429e-05,0.000992790792057,2.52265184613e-07,0.0433762173392,0.00243533140474,7.43297187034e-13,1.47188924245e-10,0.908893735454,9.03294360946e-07
336781536.062,0.000251238497276,0.070952169556,2.06605146399e-11,3.72627217224e-13,2.08895021622e-06,3.47212219706e-05,0.000539019350897,3.62519757471e-07,0.015517250669,0.00295059451049,5.85893921574e-13,1.2622361371e-10,0.909750956851,1.59772518635e-06
336781792.062,0.000237464479526,0.0708718482171,2.1288233181e-11,2.74492066726e-13,1.80173402997e-06,3.8111168916e-05,0.000505386261866,3.37974034515e-07,0.017709920999,0.00343999797768,4.20572815802e-13,1.05245767366e-10,0.907193719299,1.41176199223e-06
358623392.062,3.35540213461e-23,2.10100862617e-06,3.84943072652e-16,0.999928388995,1.04630961398e-25,6.87566771136e-05,5.06974438277e-11,7.51578223722e-07,1.27933934339e-09,1.07311191706e-17,1.65452701258e-10,2.454121162e-10,7.25464421056e-17,8.8496070403e-16
358623648.062,2.18389794936e-22,1.59466475355e-05,6.02463844284e-15,0.99964179318,1.43876909033e-24,0.000321630817546,9.49185090113e-11,2.06116635501e-05,1.4088861422e-08,1.38469548311e-16,2.32764751193e-09,1.17993054938e-09,1.65741190621e-16,4.26782780565e-15
358623904.062,1.00481828876e-20,0.000223610209904,7.15212829401e-15,0.999580447301,7.56337997224e-22,9.80298320461e-05,6.89331342816e-11,9.79005829021e-05,6.49518134825e-09,9.31528706633e-16,2.08950736588e-09,3.42016354423e-09,1.31660691076e-14,7.10784515189e-14
358624160.062,1.19233701364e-18,0.00181681524371,1.28785973303e-14,0.997837353682,1.38067283109e-19,0.000115782864747,4.09967528166e-10,0.00023001457251,1.34625416642e-08,4.75053315009e-15,2.91264945013e-09,1.68505687904e-08,6.88216152008e-13,5.38545958231e-13
358624416.062,9.45061916034e-21,6.66339654748e-05,1.39714694282e-15,0.999874306231,2.25146642777e-22,4.24605933822e-05,4.74012998543e-11,1.65938091523e-05,2.70967916247e-09,1.60552753689e-16,6.14960147989e-10,2.02848867912e-09,6.91752763732e-15,2.35658816558e-14
358624672.062,2.14660384419e-19,0.000265780185304,2.6374681759e-15,0.999672876264,1.78795219129e-20,2.44177479567e-05,9.8783631224e-11,3.69180721377e-05,1.63349924776e-09,9.01153075468e-16,1.09715486265e-09,4.90123537892e-09,7.97604078912e-14,1.54719060565e-13
358624928.062,1.9692711792e-21,1.39745908605e-05,1.74279580715e-15,0.999924420338,1.91363690482e-23,4.58263934159e-05,2.79358751397e-11,1.57742869332e-05,1.7772042202e-09,8.89384726529e-17,1.36147820404e-09,1.22370032402e-09,1.56475447047e-16,3.29879562704e-15
358625184.062,1.46917443047e-20,0.000112313505506,1.83537472644e-14,0.999687241032,7.0264626578e-22,0.000121088466964,9.16492368542e-11,7.93414607121e-05,6.57581909016e-09,2.04523912302e-15,4.90305853776e-09,3.96446678945e-09,3.48345324924e-15,6.62951809976e-14
358625440.062,1.04222797136e-19,0.000989004221843,5.76276330277e-14,0.998403675149,1.86041714893e-20,0.000164810640974,1.45154863359e-10,0.000442483209096,9.99637279183e-09,1.34475736528e-14,7.99909729884e-09,8.63769257003e-09,4.67687257193e-14,5.8633813326e-13
184625152.062,2.87020031813e-08,0.275237050455,1.64016217352e-07,7.6372036315e-06,3.21017770329e-09,3.79050105046e-06,6.36784400974e-08,3.78225488321e-05,2.87786454832e-10,8.04663743142e-05,2.37437397956e-07,1.8181058875e-09,1.48666217441e-08,0.724632718901
184625408.062,1.9284205233e-08,0.19057063193,4.1460177912e-10,4.35087313009e-10,2.58146153596e-09,7.9972514213e-08,7.87403368276e-08,3.11150489508e-07,8.30666584807e-11,0.000232540351453,6.72859061961e-12,8.04371925396e-13,1.49787244673e-05,0.809181356325
184625664.061,8.20129899336e-08,0.251723209315,1.24988632468e-09,3.75480052082e-11,2.89082852972e-09,2.05940226052e-07,1.22323441297e-08,3.35378214373e-08,5.87587026993e-11,0.000420123815202,7.32766151339e-14,3.61773541966e-13,1.96115972528e-05,0.747836717312
184625920.06,4.4047037383e-08,0.132329919425,2.24768921368e-09,1.95598398159e-11,1.42192908373e-09,2.2450614781e-07,8.52442669456e-09,1.34482501186e-08,3.99379492651e-11,0.000506845347873,4.60309079793e-14,2.2757980596e-13,9.86872109753e-06,0.867153072251
184626176.059,1.3195988614e-08,0.127998238308,1.88157228275e-10,1.10035108542e-11,1.40945386263e-09,1.43751098336e-08,4.05207482554e-09,3.98143886059e-08,6.99409696131e-12,0.00030006916826,7.15868732929e-14,3.98612611489e-14,7.84516778718e-06,0.871693774303
184626432.058,2.78014699095e-08,0.107281773451,8.14027981382e-09,8.6109020237e-10,3.31827024287e-10,3.55321679518e-07,4.6791071742e-09,1.25605795316e-07,3.57855058299e-11,4.02978618207e-05,8.28135375093e-12,2.94650441497e-12,1.51189746402e-07,0.892677254709
184626688.057,1.7288066624e-10,0.0230500671283,1.29609331872e-08,6.23635080781e-08,2.00160167075e-12,5.03818887159e-07,2.51542737881e-08,1.15576319013e-06,5.53777040592e-11,2.24066647868e-05,4.52912364618e-09,4.4869688422e-12,1.80503618948e-09,0.976925759577
184626944.056,1.76328429479e-10,0.051163379454,2.9807341555e-10,6.80608386126e-09,1.42142863526e-12,6.21276352336e-08,8.43083923902e-08,4.71052274405e-06,1.214659236e-10,3.03137278387e-05,1.53774327107e-09,2.72381943167e-13,2.02278634645e-08,0.94880142069
184627200.055,1.30446711926e-09,0.0633938930033,2.21469942571e-09,3.52614359633e-10,9.18812219881e-12,1.71296012488e-07,5.70790369784e-09,1.65337017246e-07,3.64949999582e-11,5.83369403319e-05,6.10672788424e-12,2.33812640324e-13,5.24873141018e-08,0.936547371304
152318800.07,0.125837820939,1.927082161e-08,3.03410660032e-06,6.91915182735e-25,0.308153470802,8.62417285689e-07,3.9328356823e-13,3.40265137323e-25,1.48657507415e-16,0.565510920657,8.0516683265e-33,1.54256480161e-15,0.000493867013412,4.79320039633e-09
152319056.069,0.389832173598,4.46685230098e-08,7.76989269182e-06,9.24479074287e-22,0.40202003156,3.21788458285e-06,6.86610109088e-12,4.787112694e-23,1.88905946651e-15,0.208083756334,6.86237672746e-29,1.66727542124e-13,5.2999617873e-05,6.43745085194e-09
152319312.068,0.527135844083,0.000282086737894,2.16160970417e-06,1.03998259465e-08,0.471451093921,4.67879884146e-05,4.84056637067e-08,7.48691087759e-12,5.58191240096e-09,0.000999275928746,1.29059319821e-12,8.11735157037e-06,7.02158005912e-05,4.35218280498e-06
152319568.067,0.483398578856,9.45112803428e-08,3.3926191808e-06,1.57000081652e-22,0.358378941562,2.86302550523e-06,1.61717046453e-12,1.97987751553e-23,1.50505098253e-15,0.15799887659,1.96627013585e-30,5.18028842673e-14,0.00021724695914,5.8748458379e-09
152319824.066,0.242180017972,7.840932105e-10,6.73585890754e-06,2.86215701409e-28,0.191517921649,3.51951349735e-07,1.34301350264e-14,8.97530018938e-29,2.69187802154e-19,0.56626490806,1.80116693423e-37,1.50942529733e-17,3.00632946777e-05,4.28840374179e-10
152320080.065,0.118432294216,2.10837640777e-08,1.81692075291e-06,4.13083264775e-26,0.162111613069,4.30453026796e-07,1.01245748208e-13,5.46090341607e-26,3.04862083659e-17,0.718660325435,1.53212572124e-34,1.44291837654e-16,0.000793489677227,9.14449442911e-09
152320336.064,0.161032613087,3.12785279277e-07,7.10574012457e-07,4.9437246189e-24,0.182119493408,7.64335970705e-07,6.35550549734e-13,1.18645057677e-23,1.34550746143e-15,0.651368171486,4.43663662362e-32,1.73134095797e-15,0.00547788104008,5.32829976362e-08
152320592.063,0.403444612035,2.08623488833e-05,1.27456308992e-06,1.37042543547e-17,0.455380965548,7.03183606292e-06,1.04240554192e-10,2.51993937769e-18,1.96524293679e-12,0.135612811349,3.83966252211e-24,1.7096631518e-11,0.00553131906947,1.12312654551e-06
206570918.062,2.16294203959e-11,0.979565575031,9.58496637737e-11,3.81742351823e-06,1.44058723091e-13,8.23310034696e-08,7.80143996356e-11,0.0201354091078,1.77629805403e-12,3.59743314038e-08,1.67842241171e-08,6.00659335799e-12,1.99160264102e-13,0.000295063144878
206571174.062,5.53563840265e-08,0.948340741164,1.36092162041e-08,1.69068210153e-10,1.38621777867e-10,2.80132582827e-07,2.65998334815e-13,2.63938368676e-07,5.35404244488e-13,5.37242719548e-06,4.68623145948e-15,8.57164640707e-13,5.75293432292e-10,0.051653272488
206571430.061,1.13590813406e-05,0.199704443379,0.0244585830867,0.000266164021695,2.22969284812e-08,0.00303714923236,3.95019497248e-08,0.00123722603204,6.08441080497e-08,0.0236946956616,0.00124030043304,2.38992467681e-06,1.5441943101e-12,0.746347566503
206571686.06,9.84741641035e-08,0.624912749591,6.95529119371e-05,8.00302775077e-05,1.2656207529e-10,0.000867253189991,3.15989633978e-08,0.000495044796168,2.79432085963e-08,0.000409989885436,5.30898939814e-06,4.84571883706e-08,4.79494960501e-11,0.37315986371
133809760.07,4.37124672049e-08,7.98950522727e-12,7.95310021434e-08,0.00340668659067,5.8737665636e-05,2.39291184793e-06,5.66669822362e-12,2.58678471324e-13,4.63848251848e-11,8.28759376364e-13,6.81180368593e-06,0.996525247724,4.98270164068e-16,9.42642081333e-18
133810016.07,5.30279651357e-08,1.73189291071e-11,6.17484064356e-08,0.00561876622252,7.63231726984e-05,2.14724746896e-06,5.62595421805e-12,5.61822206356e-13,4.26500295937e-11,8.75025686963e-13,7.89256136759e-06,0.994294755953,8.63748908236e-16,1.86310886727e-17
133810272.069,4.55970879698e-08,1.70813450689e-11,4.49340737522e-08,0.00797371687303,7.14216602631e-05,2.07963755958e-06,1.21577791698e-11,4.73135232459e-13,5.68506231011e-11,9.82378370184e-13,1.03907974534e-05,0.991942300413,2.04690767663e-15,2.9307237643e-17
133810528.069,4.63000598231e-08,1.9366181509e-11,9.06900748125e-08,0.00370582273154,8.26664969942e-05,3.25737213879e-06,5.72242787316e-12,2.74294918449e-13,8.41924447709e-11,1.54426232302e-12,3.5574902411e-06,0.996204558808,3.1553194106e-15,3.38198256184e-17
261543456.063,1.43365392145e-14,0.00260818078115,2.2276062819e-10,1.94381114779e-10,6.19238675976e-18,8.08220937472e-08,1.65878580089e-08,2.78406477142e-07,1.23492339251e-10,2.46849210815e-05,7.80919530133e-11,5.23001112701e-16,1.09950950984e-10,0.997366757753
261543712.063,4.35113102767e-13,0.0118060851064,2.07337020237e-11,4.32314520626e-11,4.1077755538e-15,3.30122200906e-09,8.73880612182e-09,5.69056925422e-07,6.90374777442e-12,2.75637153431e-05,1.82165168101e-11,4.46515363697e-16,3.2043156943e-09,0.988165766787
261543968.064,1.22143893409e-11,0.0111141425744,8.27140175803e-12,2.15530883639e-15,3.34686361895e-13,7.11906563249e-10,2.63395855731e-11,8.6567728605e-11,1.19720840681e-13,6.53257934525e-05,2.36338711731e-18,5.66441935765e-18,1.59636652879e-06,0.98881893442
451968966.07,3.71315671142e-07,9.89476818784e-05,0.949641461578,0.0040795444105,9.43358452983e-08,0.034579215126,2.8336992405e-12,1.38565246373e-07,8.29392990392e-10,1.09046744105e-06,3.97165984884e-05,0.0115583946316,2.90556037578e-16,1.02445686916e-06
451969222.068,1.28771186768e-07,3.84975633927e-06,0.975920363419,0.00399905708577,3.69458183834e-08,0.00706403567165,1.4386219703e-12,1.60155363545e-08,1.16511725264e-10,2.30480510574e-07,0.000265631767598,0.012746405947,7.39064878794e-18,2.44021853577e-07
451969478.066,1.59080112756e-07,3.13337521127e-06,0.986334874986,0.00205444987332,2.94149983542e-08,0.0043201173821,7.88892691854e-13,1.12436407592e-08,5.99803667391e-11,2.19226377013e-07,0.000178826834742,0.0071078419279,3.74030952531e-18,3.36595291524e-07
451969734.064,2.52353503144e-07,3.53056389483e-06,0.991066150023,0.00107024883396,3.34451202433e-08,0.00307120907665,3.61783694279e-13,1.0923148514e-08,3.43951124354e-11,2.06515274198e-07,9.53622234063e-05,0.00469262855104,2.2448699181e-18,3.67456104128e-07
254306528.063,5.4757496134e-07,3.65981187087e-07,0.99853354729,1.34816337942e-10,8.94617466191e-10,2.01047095095e-05,1.52539918189e-13,1.36809105187e-09,8.57859398638e-11,0.00138037395817,1.03267707441e-06,2.98401876293e-08,3.99607616485e-19,6.39954855157e-05
254306784.063,6.70652485045e-08,9.68585524761e-08,0.998703646414,3.07465447321e-11,3.80857276058e-10,5.34229657668e-06,6.12000534733e-14,5.68247943329e-10,1.89467242417e-11,0.00121752679621,1.24295173936e-06,7.81587531697e-09,1.09455982761e-19,7.20688032882e-05
254307040.064,8.30586008846e-08,1.25041427446e-07,0.998635119017,3.53728555956e-11,4.85493267308e-10,5.23271000759e-06,6.77451697863e-14,5.58001595144e-10,1.65430645326e-11,0.00124001262255,1.15543611267e-06,8.08801728208e-09,1.71847015463e-19,0.000118262930492
254307296.065,9.38435186009e-08,1.41435150623e-07,0.998592172301,7.23387079119e-11,6.88591650894e-10,5.01725173654e-06,1.18103558242e-13,6.84821654657e-10,1.54895971698e-11,0.00120261135649,2.5377793728e-06,1.17130981239e-08,2.54338849296e-19,0.000197412858528
254307552.066,4.71806980157e-08,8.09183092995e-08,0.998987800603,5.04596742099e-11,4.67934825859e-10,2.99404285419e-06,6.76105209946e-14,4.81496971515e-10,6.79078202941e-12,0.000835158057551,2.7760438313e-06,8.02849735421e-09,1.01594840852e-19,0.000171134118058
254307808.067,1.28381184512e-07,1.42186132415e-07,0.999054700486,7.62222872735e-11,5.53072642737e-10,6.34094731521e-06,7.6781244331e-14,6.89288745821e-10,1.65861755714e-11,0.000833253458146,1.7263106918e-06,1.3986669525e-08,1.38925415264e-19,0.000103692908753
254308064.068,2.79068422962e-07,2.18701269656e-07,0.999206873864,1.37003566847e-10,6.41798864771e-10,9.78038618233e-06,8.51675776929e-14,9.77475964195e-10,2.4453089079e-11,0.00069375228482,1.66823719911e-06,2.30390322183e-08,1.46112449497e-19,8.74026378941e-05
254308320.069,9.74476943132e-07,5.0930574721e-07,0.998900377668,1.53346186235e-10,8.98003973665e-10,2.23120971119e-05,1.02984112011e-13,1.4669094143e-09,7.51318933382e-11,0.00100538962272,6.96805641197e-07,3.32593104968e-08,3.33499163645e-19,6.97041714939e-05
